Test for classes without default constructor...
Test OK...
Test for my Matrix...

     1.00000000


     2.00000000     2.00000000
     2.00000000     2.00000000


     3.00000000     3.00000000     3.00000000
     3.00000000     3.00000000     3.00000000
     3.00000000     3.00000000     3.00000000


     4.00000000     4.00000000     4.00000000     4.00000000
     4.00000000     4.00000000     4.00000000     4.00000000
     4.00000000     4.00000000     4.00000000     4.00000000
     4.00000000     4.00000000     4.00000000     4.00000000


     5.00000000     5.00000000     5.00000000     5.00000000     5.00000000
     5.00000000     5.00000000     5.00000000     5.00000000     5.00000000
     5.00000000     5.00000000     5.00000000     5.00000000     5.00000000
     5.00000000     5.00000000     5.00000000     5.00000000     5.00000000
     5.00000000     5.00000000     5.00000000     5.00000000     5.00000000


     6.00000000     6.00000000     6.00000000     6.00000000     6.00000000     6.00000000
     6.00000000     6.00000000     6.00000000     6.00000000     6.00000000     6.00000000
     6.00000000     6.00000000     6.00000000     6.00000000     6.00000000     6.00000000
     6.00000000     6.00000000     6.00000000     6.00000000     6.00000000     6.00000000
     6.00000000     6.00000000     6.00000000     6.00000000     6.00000000     6.00000000
     6.00000000     6.00000000     6.00000000     6.00000000     6.00000000     6.00000000


     7.00000000     7.00000000     7.00000000     7.00000000     7.00000000     7.00000000     7.00000000
     7.00000000     7.00000000     7.00000000     7.00000000     7.00000000     7.00000000     7.00000000
     7.00000000     7.00000000     7.00000000     7.00000000     7.00000000     7.00000000     7.00000000
     7.00000000     7.00000000     7.00000000     7.00000000     7.00000000     7.00000000     7.00000000
     7.00000000     7.00000000     7.00000000     7.00000000     7.00000000     7.00000000     7.00000000
     7.00000000     7.00000000     7.00000000     7.00000000     7.00000000     7.00000000     7.00000000
     7.00000000     7.00000000     7.00000000     7.00000000     7.00000000     7.00000000     7.00000000


     8.00000000     8.00000000     8.00000000     8.00000000     8.00000000     8.00000000     8.00000000     8.00000000
     8.00000000     8.00000000     8.00000000     8.00000000     8.00000000     8.00000000     8.00000000     8.00000000
     8.00000000     8.00000000     8.00000000     8.00000000     8.00000000     8.00000000     8.00000000     8.00000000
     8.00000000     8.00000000     8.00000000     8.00000000     8.00000000     8.00000000     8.00000000     8.00000000
     8.00000000     8.00000000     8.00000000     8.00000000     8.00000000     8.00000000     8.00000000     8.00000000
     8.00000000     8.00000000     8.00000000     8.00000000     8.00000000     8.00000000     8.00000000     8.00000000
     8.00000000     8.00000000     8.00000000     8.00000000     8.00000000     8.00000000     8.00000000     8.00000000
     8.00000000     8.00000000     8.00000000     8.00000000     8.00000000     8.00000000     8.00000000     8.00000000


     9.00000000     9.00000000     9.00000000     9.00000000     9.00000000     9.00000000     9.00000000     9.00000000     9.00000000
     9.00000000     9.00000000     9.00000000     9.00000000     9.00000000     9.00000000     9.00000000     9.00000000     9.00000000
     9.00000000     9.00000000     9.00000000     9.00000000     9.00000000     9.00000000     9.00000000     9.00000000     9.00000000
     9.00000000     9.00000000     9.00000000     9.00000000     9.00000000     9.00000000     9.00000000     9.00000000     9.00000000
     9.00000000     9.00000000     9.00000000     9.00000000     9.00000000     9.00000000     9.00000000     9.00000000     9.00000000
     9.00000000     9.00000000     9.00000000     9.00000000     9.00000000     9.00000000     9.00000000     9.00000000     9.00000000
     9.00000000     9.00000000     9.00000000     9.00000000     9.00000000     9.00000000     9.00000000     9.00000000     9.00000000
     9.00000000     9.00000000     9.00000000     9.00000000     9.00000000     9.00000000     9.00000000     9.00000000     9.00000000
     9.00000000     9.00000000     9.00000000     9.00000000     9.00000000     9.00000000     9.00000000     9.00000000     9.00000000


    10.00000000    10.00000000    10.00000000    10.00000000    10.00000000    10.00000000    10.00000000    10.00000000    10.00000000    10.00000000
    10.00000000    10.00000000    10.00000000    10.00000000    10.00000000    10.00000000    10.00000000    10.00000000    10.00000000    10.00000000
    10.00000000    10.00000000    10.00000000    10.00000000    10.00000000    10.00000000    10.00000000    10.00000000    10.00000000    10.00000000
    10.00000000    10.00000000    10.00000000    10.00000000    10.00000000    10.00000000    10.00000000    10.00000000    10.00000000    10.00000000
    10.00000000    10.00000000    10.00000000    10.00000000    10.00000000    10.00000000    10.00000000    10.00000000    10.00000000    10.00000000
    10.00000000    10.00000000    10.00000000    10.00000000    10.00000000    10.00000000    10.00000000    10.00000000    10.00000000    10.00000000
    10.00000000    10.00000000    10.00000000    10.00000000    10.00000000    10.00000000    10.00000000    10.00000000    10.00000000    10.00000000
    10.00000000    10.00000000    10.00000000    10.00000000    10.00000000    10.00000000    10.00000000    10.00000000    10.00000000    10.00000000
    10.00000000    10.00000000    10.00000000    10.00000000    10.00000000    10.00000000    10.00000000    10.00000000    10.00000000    10.00000000
    10.00000000    10.00000000    10.00000000    10.00000000    10.00000000    10.00000000    10.00000000    10.00000000    10.00000000    10.00000000

Test for big integer
1267650600228229401496703205376 1267650600228231653296516890625 1267650600228233905096330575876 1267650600228236156896144261129 1267650600228238408695957946384 1267650600228240660495771631641 1267650600228242912295585316900 1267650600228245164095399002161 1267650600228247415895212687424 1267650600228249667695026372689 
